%YAML:1.0
distortion: !!opencv-matrix
   rows: 4
   cols: 1
   dt: d
   data: [ -4.0970566967380095e-01, 3.6290291355465992e-01,
       6.2304157122548337e-03, 1.3366036964297971e-03 ]
