%YAML:1.0
filename: !!opencv-matrix
   rows: 144
   cols: 2
   dt: f
   data: [ 2.67596985e+02, 1.20374252e+02, 3.03385681e+02,
       1.22311714e+02, 3.37846558e+02, 1.24591721e+02, 3.69922119e+02,
       1.27462112e+02, 3.99999268e+02, 1.30513000e+02, 4.27841583e+02,
       1.33218475e+02, 4.53046967e+02, 1.36081619e+02, 4.76520355e+02,
       1.38601578e+02, 2.62447571e+02, 1.51714920e+02, 2.97026337e+02,
       1.53316132e+02, 3.30067871e+02, 1.54564514e+02, 3.61512390e+02,
       1.56432648e+02, 3.90947205e+02, 1.58143280e+02, 4.18037476e+02,
       1.60078934e+02, 4.43003448e+02, 1.61962662e+02, 4.66322754e+02,
       1.63423416e+02, 2.58457153e+02, 1.80561508e+02, 2.91512421e+02,
       1.81583939e+02, 3.23467560e+02, 1.82406097e+02, 3.53591217e+02,
       1.83472305e+02, 3.81982727e+02, 1.84582703e+02, 4.08901947e+02,
       1.85515457e+02, 4.33299377e+02, 1.86286469e+02, 4.55985992e+02,
       1.86947754e+02, 2.54830124e+02, 2.07853607e+02, 2.86648529e+02,
       2.07941742e+02, 3.17274109e+02, 2.08344940e+02, 3.46416809e+02,
       2.08579697e+02, 3.74004639e+02, 2.09020981e+02, 3.99865662e+02,
       2.09305099e+02, 4.24081818e+02, 2.09203430e+02, 4.46434265e+02,
       2.09004257e+02, 2.51722549e+02, 2.32382965e+02, 2.82257477e+02,
       2.32532257e+02, 3.11589874e+02, 2.32227570e+02, 3.39660431e+02,
       2.32218262e+02, 3.66447266e+02, 2.31813202e+02, 3.91649200e+02,
       2.31491211e+02, 4.15365082e+02, 2.30452850e+02, 4.37166565e+02,
       2.29938034e+02, 2.49293442e+02, 2.54635544e+02, 2.78020660e+02,
       2.54682449e+02, 3.06343811e+02, 2.54515991e+02, 3.33027313e+02,
       2.54025879e+02, 3.59386719e+02, 2.52948257e+02, 3.83573700e+02,
       2.52010361e+02, 4.06962921e+02, 2.50453247e+02, 4.28452789e+02,
       2.49451050e+02, 2.51458084e+02, 1.81923553e+02, 2.79748108e+02,
       1.81329437e+02, 3.07525543e+02, 1.82280533e+02, 3.33562744e+02,
       1.81549484e+02, 3.59844238e+02, 1.82597488e+02, 3.82852417e+02,
       1.81404739e+02, 4.04444489e+02, 1.81922150e+02, 4.26198425e+02,
       1.82640778e+02, 2.53490005e+02, 2.08073807e+02, 2.84010864e+02,
       2.06567841e+02, 3.11552551e+02, 2.06934601e+02, 3.40868591e+02,
       2.06168411e+02, 3.66538361e+02, 2.04149414e+02, 3.88117401e+02,
       2.03994659e+02, 4.11991760e+02, 2.04725174e+02, 4.33425812e+02,
       2.04211151e+02, 2.57617828e+02, 2.33706161e+02, 2.88313080e+02,
       2.34327454e+02, 3.17129242e+02, 2.31487885e+02, 3.46078064e+02,
       2.31057190e+02, 3.71416718e+02, 2.29191452e+02, 3.98196503e+02,
       2.27878601e+02, 4.20462769e+02, 2.28189560e+02, 4.42778381e+02,
       2.26468491e+02, 2.62358704e+02, 2.64891083e+02, 2.94262573e+02,
       2.61637726e+02, 3.23453339e+02, 2.60996246e+02, 3.53013275e+02,
       2.58002899e+02, 3.79329956e+02, 2.56777924e+02, 4.04643768e+02,
       2.53779587e+02, 4.27380493e+02, 2.52435623e+02, 4.49516022e+02,
       2.50561127e+02, 2.67136963e+02, 2.93790405e+02, 3.00480377e+02,
       2.92142273e+02, 3.32076935e+02, 2.90691620e+02, 3.59959747e+02,
       2.86310516e+02, 3.86827515e+02, 2.83191498e+02, 4.13075623e+02,
       2.79394562e+02, 4.36370300e+02, 2.77437256e+02, 4.57637268e+02,
       2.74695770e+02, 2.72866333e+02, 3.28112244e+02, 3.06584412e+02,
       3.23523132e+02, 3.36898895e+02, 3.20627563e+02, 3.67558044e+02,
       3.15974274e+02, 3.94133942e+02, 3.12918915e+02, 4.20556854e+02,
       3.07789703e+02, 4.44094604e+02, 3.03482727e+02, 4.66057922e+02,
       3.00042511e+02, 3.94206757e+02, 1.66043839e+02, 4.15639984e+02,
       1.63041794e+02, 4.37745850e+02, 1.60437988e+02, 4.61361267e+02,
       1.57239960e+02, 4.86000214e+02, 1.54502274e+02, 5.11541107e+02,
       1.51156967e+02, 5.37534485e+02, 1.48263550e+02, 5.64546631e+02,
       1.45485428e+02, 3.97631470e+02, 1.90569077e+02, 4.18826080e+02,
       1.88255432e+02, 4.41396729e+02, 1.86298477e+02, 4.64803467e+02,
       1.84264511e+02, 4.89205780e+02, 1.82191971e+02, 5.15008301e+02,
       1.80007965e+02, 5.41157532e+02, 1.77720825e+02, 5.68036499e+02,
       1.75429016e+02, 4.00748108e+02, 2.14566422e+02, 4.22228973e+02,
       2.13582001e+02, 4.44452148e+02, 2.12395386e+02, 4.67858734e+02,
       2.10978928e+02, 4.92112610e+02, 2.09600525e+02, 5.17532288e+02,
       2.08386871e+02, 5.44015137e+02, 2.06905411e+02, 5.70572632e+02,
       2.05525497e+02, 4.03785248e+02, 2.39126190e+02, 4.24750488e+02,
       2.38327042e+02, 4.47066376e+02, 2.38061417e+02, 4.69994568e+02,
       2.37471146e+02, 4.94291260e+02, 2.37272537e+02, 5.19948669e+02,
       2.36342758e+02, 5.45872192e+02, 2.35662354e+02, 5.72316589e+02,
       2.34667267e+02, 4.06165527e+02, 2.62496338e+02, 4.27620697e+02,
       2.62929565e+02, 4.49473633e+02, 2.63664490e+02, 4.72363586e+02,
       2.63442413e+02, 4.96188263e+02, 2.63716309e+02, 5.21305420e+02,
       2.64079987e+02, 5.47253845e+02, 2.63956055e+02, 5.73535461e+02,
       2.63524353e+02, 4.08681244e+02, 2.85691895e+02, 4.29528564e+02,
       2.86900513e+02, 4.51023590e+02, 2.87902466e+02, 4.73965698e+02,
       2.89042755e+02, 4.97484344e+02, 2.89933319e+02, 5.22281372e+02,
       2.90681366e+02, 5.47700439e+02, 2.91108002e+02, 5.73427002e+02,
       2.91712402e+02 ]
