%YAML:1.0
intrinsics: !!opencv-matrix
   rows: 3
   cols: 3
   dt: d
   data: [ 7.8890390185162278e+02, 0., 3.5926994193038831e+02, 0.,
       7.9114451074552267e+02, 2.7149913351094858e+02, 0., 0., 1. ]
