%YAML:1.0
ipts: !!opencv-matrix
   rows: 972
   cols: 2
   dt: f
   data: [ 2.15060791e+02, 4.19494110e+02, 1.95485825e+02,
       4.19913055e+02, 1.80549927e+02, 4.19876099e+02, 1.63725449e+02,
       4.17250702e+02, 1.46586182e+02, 4.19882324e+02, 1.27734756e+02,
       4.20147552e+02, 1.13684952e+02, 4.19744965e+02, 9.64384842e+01,
       4.18472076e+02, 8.14274750e+01, 4.19543457e+02, 2.14385345e+02,
       3.99510834e+02, 1.96627258e+02, 4.01757843e+02, 1.77398285e+02,
       4.02778870e+02, 1.62579361e+02, 4.02563568e+02, 1.45681259e+02,
       4.00366852e+02, 1.29356415e+02, 4.02515167e+02, 1.10245941e+02,
       4.02870514e+02, 9.65693665e+01, 4.02556824e+02, 8.03184738e+01,
       4.00007019e+02, 2.13543457e+02, 3.84189392e+02, 1.94286545e+02,
       3.84709351e+02, 1.78609634e+02, 3.84714325e+02, 1.59518265e+02,
       3.84959381e+02, 1.45343842e+02, 3.84828644e+02, 1.26273819e+02,
       3.85687622e+02, 1.11569244e+02, 3.85614319e+02, 9.33114700e+01,
       3.85721710e+02, 7.95305557e+01, 3.85555328e+02, 2.10684296e+02,
       3.66642426e+02, 1.95554977e+02, 3.66462524e+02, 1.75858566e+02,
       3.67528564e+02, 1.60818939e+02, 3.67609955e+02, 1.42286804e+02,
       3.67825531e+02, 1.27576988e+02, 3.67514160e+02, 1.08502426e+02,
       3.67810577e+02, 9.46055603e+01, 3.67918945e+02, 7.63944321e+01,
       3.68595276e+02, 2.12056091e+02, 3.48506226e+02, 1.92483521e+02,
       3.48779724e+02, 1.76919693e+02, 3.49377502e+02, 1.58355270e+02,
       3.49898407e+02, 1.43606674e+02, 3.49579559e+02, 1.24339951e+02,
       3.50530945e+02, 1.09877739e+02, 3.50647369e+02, 9.15990677e+01,
       3.50986938e+02, 7.76385574e+01, 3.50715546e+02, 2.09387039e+02,
       3.30867493e+02, 1.94129135e+02, 3.31016754e+02, 1.74419281e+02,
       3.31770569e+02, 1.59619583e+02, 3.31624786e+02, 1.42678818e+02,
       3.29088531e+02, 1.25910408e+02, 3.32524445e+02, 1.07044899e+02,
       3.33301514e+02, 93., 331., 7.50833893e+01, 3.33738525e+02,
       2.11221359e+02, 2.72320923e+02, 1.91724655e+02, 2.72957367e+02,
       1.76197235e+02, 2.72548279e+02, 1.57076355e+02, 2.73554626e+02,
       1.41823318e+02, 2.73658142e+02, 1.25726280e+02, 2.71340485e+02,
       1.09193306e+02, 2.73945312e+02, 9.03737869e+01, 2.74707428e+02,
       7.65767746e+01, 2.74528351e+02, 2.09226089e+02, 2.54607513e+02,
       1.93553314e+02, 2.54505371e+02, 1.74345001e+02, 2.55334564e+02,
       1.58938339e+02, 2.55658432e+02, 1.42437149e+02, 2.53149246e+02,
       1.25591682e+02, 2.55895294e+02, 1.06635887e+02, 2.56932831e+02,
       9.25833359e+01, 2.56867645e+02, 7.41255188e+01, 2.57556580e+02,
       2.11024307e+02, 2.36497482e+02, 1.93586411e+02, 2.34353134e+02,
       1.75818359e+02, 2.36678925e+02, 1.59487183e+02, 2.35243835e+02,
       1.42253143e+02, 2.37790100e+02, 1.23402901e+02, 2.38700073e+02,
       1.07494995e+02, 2.37016876e+02, 9.03539581e+01, 2.39733459e+02,
       7.65431824e+01, 2.39999557e+02, 2.11272995e+02, 2.16133209e+02,
       1.93521637e+02, 2.18660126e+02, 1.74210678e+02, 2.19580872e+02,
       1.59175903e+02, 2.19572739e+02, 1.40298996e+02, 2.20665771e+02,
       1.25571472e+02, 2.20753983e+02, 1.06598434e+02, 2.21868011e+02,
       9.25584946e+01, 2.21982010e+02, 7.43887634e+01, 2.22842072e+02,
       2.11068024e+02, 2.00410889e+02, 1.91451645e+02, 2.01550537e+02,
       1.75991135e+02, 2.01523941e+02, 1.58915970e+02, 2.00714661e+02,
       1.42536728e+02, 2.02641953e+02, 1.23352333e+02, 2.03763412e+02,
       1.08897995e+02, 2.03658218e+02, 9.09279709e+01, 2.05291153e+02,
       7.65762863e+01, 2.05127457e+02, 2.11578125e+02, 1.80327011e+02,
       1.93575333e+02, 1.83502243e+02, 1.74318069e+02, 1.84485870e+02,
       1.59553757e+02, 1.84494553e+02, 1.40425201e+02, 1.85692200e+02,
       1.25613289e+02, 1.85867401e+02, 1.09495979e+02, 1.84241898e+02,
       9.29538422e+01, 1.87546539e+02, 7.50278854e+01, 1.88590698e+02,
       6.79923035e+02, 2.69573822e+02, 6.63212524e+02, 2.69669739e+02,
       6.49843933e+02, 2.68866760e+02, 6.32051514e+02, 2.69346558e+02,
       6.18654602e+02, 2.68869080e+02, 6.00771606e+02, 2.69219269e+02,
       5.86606506e+02, 2.68488342e+02, 5.68214966e+02, 2.68756287e+02,
       5.53567810e+02, 2.68506622e+02, 6.77441345e+02, 2.52902893e+02,
       6.64642334e+02, 2.52528305e+02, 6.47769714e+02, 2.52108490e+02,
       6.34013306e+02, 2.51548309e+02, 6.16449585e+02, 2.51969681e+02,
       6.02574219e+02, 2.51551285e+02, 5.84433411e+02, 2.51558685e+02,
       5.69653320e+02, 2.50920929e+02, 5.51492859e+02, 2.50928864e+02,
       6.79433838e+02, 2.35586273e+02, 6.62327637e+02, 2.35633789e+02,
       6.49710876e+02, 2.34784973e+02, 632., 233., 617., 2.32500000e+02,
       601., 2.32500000e+02, 5.86275879e+02, 2.33481659e+02,
       5.67442505e+02, 2.33703430e+02, 5.53286804e+02, 2.33065735e+02,
       677., 217., 6.63779541e+02, 2.18582901e+02, 6.46815613e+02,
       2.18184753e+02, 6.33440918e+02, 2.17543121e+02, 6.15500000e+02,
       2.15500000e+02, 6.01831848e+02, 2.16549637e+02, 5.83632019e+02,
       2.16559555e+02, 5.69497986e+02, 2.15822510e+02, 5.50461975e+02,
       2.15842682e+02, 678., 200., 6.61341614e+02, 2.01797562e+02,
       6.48738037e+02, 2.00763550e+02, 6.31001770e+02, 2.00572418e+02,
       6.17616943e+02, 1.99728256e+02, 5.99306641e+02, 1.99728775e+02,
       5.85326599e+02, 1.98986694e+02, 5.66642944e+02, 1.98712982e+02,
       5.52636230e+02, 1.97915054e+02, 6.75424988e+02, 1.85653366e+02,
       6.62727356e+02, 1.84764664e+02, 6.46069092e+02, 1.84634430e+02,
       6.32556763e+02, 1.83498718e+02, 6.14463135e+02, 1.83252731e+02,
       6.00604980e+02, 1.82567108e+02, 5.82739319e+02, 1.82134079e+02,
       568., 179., 5.49871399e+02, 1.81164825e+02, 6.78975891e+02,
       4.06532867e+02, 6.64617920e+02, 4.05387329e+02, 6.49543152e+02,
       4.08530029e+02, 6.31941833e+02, 4.10273132e+02, 6.18282410e+02,
       4.10030731e+02, 6.00531799e+02, 4.11833649e+02, 5.86537720e+02,
       4.11775726e+02, 5.67711121e+02, 4.12843933e+02, 5.53570251e+02,
       4.13520996e+02, 6.77376953e+02, 3.90658691e+02, 6.64625488e+02,
       3.90583923e+02, 6.47399292e+02, 3.91828583e+02, 6.33987061e+02,
       3.92530762e+02, 6.16455200e+02, 3.93772644e+02, 6.02583618e+02,
       3.93958923e+02, 5.84343323e+02, 3.94732452e+02, 5.70044006e+02,
       3.95494293e+02, 5.52067017e+02, 3.96828735e+02, 6.79584412e+02,
       3.73591248e+02, 6.65240112e+02, 3.71686554e+02, 6.49738647e+02,
       3.74633789e+02, 6.32465820e+02, 3.75892700e+02, 6.18628601e+02,
       3.75884033e+02, 6.00636292e+02, 3.76872253e+02, 5.86573730e+02,
       3.77581604e+02, 5.68417175e+02, 3.78736115e+02, 5.53713196e+02,
       3.78661285e+02, 6.77652588e+02, 3.57237579e+02, 6.64721924e+02,
       3.56891785e+02, 6.47645935e+02, 3.57984619e+02, 6.34556519e+02,
       3.58576935e+02, 6.18766418e+02, 3.56146576e+02, 6.02593933e+02,
       3.59568756e+02, 5.84604431e+02, 3.60765656e+02, 5.70372620e+02,
       3.60630951e+02, 5.52104980e+02, 3.61687622e+02, 6.79775146e+02,
       3.39669739e+02, 6.63500000e+02, 3.38500000e+02, 6.49943298e+02,
       3.40530853e+02, 6.32439453e+02, 3.41762207e+02, 6.18643372e+02,
       3.41579132e+02, 6.01126465e+02, 3.42667938e+02, 5.86617065e+02,
       3.42567780e+02, 5.68432251e+02, 3.43814606e+02, 5.53657104e+02,
       3.43604889e+02, 6.77720093e+02, 3.23200134e+02, 6.64749634e+02,
       3.22793823e+02, 6.47875916e+02, 3.24104218e+02, 6.34555237e+02,
       3.23946533e+02, 6.16449219e+02, 3.24883698e+02, 6.02710327e+02,
       3.24679291e+02, 5.84588928e+02, 3.25584503e+02, 5.70029785e+02,
       3.25464386e+02, 5.51575684e+02, 3.26547729e+02, 4.74689026e+02,
       3.37599762e+02, 4.55402252e+02, 3.37916901e+02, 4.39536194e+02,
       3.38402069e+02, 4.21547791e+02, 3.36565521e+02, 4.03669281e+02,
       3.38689728e+02, 3.84007202e+02, 3.39491058e+02, 3.67563263e+02,
       3.39534882e+02, 3.47341766e+02, 3.39964172e+02, 3.31532562e+02,
       3.40173737e+02, 4.72642242e+02, 3.19712280e+02, 4.56743256e+02,
