%YAML:1.0
npts: !!opencv-matrix
   rows: 18
   cols: 1
   dt: i
   data: [ 54, 54, 54, 54, 54, 54, 54, 54, 54, 54, 54, 54, 54, 54, 54,
       54, 54, 54 ]
