%YAML:1.0
opts: !!opencv-matrix
   rows: 972
   cols: 3
   dt: f
   data: [ 0., 0., 0., 0., 1.00000001e-01, 0., 0., 2.00000003e-01, 0.,
       0., 3.00000012e-01, 0., 0., 4.00000006e-01, 0., 0.,
       5.00000000e-01, 0., 0., 6.00000024e-01, 0., 0., 6.99999988e-01,
       0., 0., 8.00000012e-01, 0., 1.00000001e-01, 0., 0.,
       1.00000001e-01, 1.00000001e-01, 0., 1.00000001e-01,
       2.00000003e-01, 0., 1.00000001e-01, 3.00000012e-01, 0.,
       1.00000001e-01, 4.00000006e-01, 0., 1.00000001e-01,
       5.00000000e-01, 0., 1.00000001e-01, 6.00000024e-01, 0.,
       1.00000001e-01, 6.99999988e-01, 0., 1.00000001e-01,
       8.00000012e-01, 0., 2.00000003e-01, 0., 0., 2.00000003e-01,
       1.00000001e-01, 0., 2.00000003e-01, 2.00000003e-01, 0.,
       2.00000003e-01, 3.00000012e-01, 0., 2.00000003e-01,
       4.00000006e-01, 0., 2.00000003e-01, 5.00000000e-01, 0.,
       2.00000003e-01, 6.00000024e-01, 0., 2.00000003e-01,
       6.99999988e-01, 0., 2.00000003e-01, 8.00000012e-01, 0.,
       3.00000012e-01, 0., 0., 3.00000012e-01, 1.00000001e-01, 0.,
       3.00000012e-01, 2.00000003e-01, 0., 3.00000012e-01,
       3.00000012e-01, 0., 3.00000012e-01, 4.00000006e-01, 0.,
       3.00000012e-01, 5.00000000e-01, 0., 3.00000012e-01,
       6.00000024e-01, 0., 3.00000012e-01, 6.99999988e-01, 0.,
       3.00000012e-01, 8.00000012e-01, 0., 4.00000006e-01, 0., 0.,
       4.00000006e-01, 1.00000001e-01, 0., 4.00000006e-01,
       2.00000003e-01, 0., 4.00000006e-01, 3.00000012e-01, 0.,
       4.00000006e-01, 4.00000006e-01, 0., 4.00000006e-01,
       5.00000000e-01, 0., 4.00000006e-01, 6.00000024e-01, 0.,
       4.00000006e-01, 6.99999988e-01, 0., 4.00000006e-01,
       8.00000012e-01, 0., 5.00000000e-01, 0., 0., 5.00000000e-01,
       1.00000001e-01, 0., 5.00000000e-01, 2.00000003e-01, 0.,
       5.00000000e-01, 3.00000012e-01, 0., 5.00000000e-01,
       4.00000006e-01, 0., 5.00000000e-01, 5.00000000e-01, 0.,
       5.00000000e-01, 6.00000024e-01, 0., 5.00000000e-01,
       6.99999988e-01, 0., 5.00000000e-01, 8.00000012e-01, 0., 0., 0.,
       0., 0., 1.00000001e-01, 0., 0., 2.00000003e-01, 0., 0.,
       3.00000012e-01, 0., 0., 4.00000006e-01, 0., 0., 5.00000000e-01,
       0., 0., 6.00000024e-01, 0., 0., 6.99999988e-01, 0., 0.,
       8.00000012e-01, 0., 1.00000001e-01, 0., 0., 1.00000001e-01,
       1.00000001e-01, 0., 1.00000001e-01, 2.00000003e-01, 0.,
       1.00000001e-01, 3.00000012e-01, 0., 1.00000001e-01,
       4.00000006e-01, 0., 1.00000001e-01, 5.00000000e-01, 0.,
       1.00000001e-01, 6.00000024e-01, 0., 1.00000001e-01,
       6.99999988e-01, 0., 1.00000001e-01, 8.00000012e-01, 0.,
       2.00000003e-01, 0., 0., 2.00000003e-01, 1.00000001e-01, 0.,
       2.00000003e-01, 2.00000003e-01, 0., 2.00000003e-01,
       3.00000012e-01, 0., 2.00000003e-01, 4.00000006e-01, 0.,
       2.00000003e-01, 5.00000000e-01, 0., 2.00000003e-01,
       6.00000024e-01, 0., 2.00000003e-01, 6.99999988e-01, 0.,
       2.00000003e-01, 8.00000012e-01, 0., 3.00000012e-01, 0., 0.,
       3.00000012e-01, 1.00000001e-01, 0., 3.00000012e-01,
       2.00000003e-01, 0., 3.00000012e-01, 3.00000012e-01, 0.,
       3.00000012e-01, 4.00000006e-01, 0., 3.00000012e-01,
       5.00000000e-01, 0., 3.00000012e-01, 6.00000024e-01, 0.,
       3.00000012e-01, 6.99999988e-01, 0., 3.00000012e-01,
       8.00000012e-01, 0., 4.00000006e-01, 0., 0., 4.00000006e-01,
       1.00000001e-01, 0., 4.00000006e-01, 2.00000003e-01, 0.,
       4.00000006e-01, 3.00000012e-01, 0., 4.00000006e-01,
       4.00000006e-01, 0., 4.00000006e-01, 5.00000000e-01, 0.,
       4.00000006e-01, 6.00000024e-01, 0., 4.00000006e-01,
       6.99999988e-01, 0., 4.00000006e-01, 8.00000012e-01, 0.,
       5.00000000e-01, 0., 0., 5.00000000e-01, 1.00000001e-01, 0.,
       5.00000000e-01, 2.00000003e-01, 0., 5.00000000e-01,
       3.00000012e-01, 0., 5.00000000e-01, 4.00000006e-01, 0.,
       5.00000000e-01, 5.00000000e-01, 0., 5.00000000e-01,
       6.00000024e-01, 0., 5.00000000e-01, 6.99999988e-01, 0.,
       5.00000000e-01, 8.00000012e-01, 0., 0., 0., 0., 0.,
       1.00000001e-01, 0., 0., 2.00000003e-01, 0., 0., 3.00000012e-01,
       0., 0., 4.00000006e-01, 0., 0., 5.00000000e-01, 0., 0.,
       6.00000024e-01, 0., 0., 6.99999988e-01, 0., 0., 8.00000012e-01,
       0., 1.00000001e-01, 0., 0., 1.00000001e-01, 1.00000001e-01, 0.,
       1.00000001e-01, 2.00000003e-01, 0., 1.00000001e-01,
       3.00000012e-01, 0., 1.00000001e-01, 4.00000006e-01, 0.,
       1.00000001e-01, 5.00000000e-01, 0., 1.00000001e-01,
       6.00000024e-01, 0., 1.00000001e-01, 6.99999988e-01, 0.,
       1.00000001e-01, 8.00000012e-01, 0., 2.00000003e-01, 0., 0.,
       2.00000003e-01, 1.00000001e-01, 0., 2.00000003e-01,
       2.00000003e-01, 0., 2.00000003e-01, 3.00000012e-01, 0.,
       2.00000003e-01, 4.00000006e-01, 0., 2.00000003e-01,
       5.00000000e-01, 0., 2.00000003e-01, 6.00000024e-01, 0.,
       2.00000003e-01, 6.99999988e-01, 0., 2.00000003e-01,
       8.00000012e-01, 0., 3.00000012e-01, 0., 0., 3.00000012e-01,
       1.00000001e-01, 0., 3.00000012e-01, 2.00000003e-01, 0.,
       3.00000012e-01, 3.00000012e-01, 0., 3.00000012e-01,
       4.00000006e-01, 0., 3.00000012e-01, 5.00000000e-01, 0.,
       3.00000012e-01, 6.00000024e-01, 0., 3.00000012e-01,
       6.99999988e-01, 0., 3.00000012e-01, 8.00000012e-01, 0.,
       4.00000006e-01, 0., 0., 4.00000006e-01, 1.00000001e-01, 0.,
       4.00000006e-01, 2.00000003e-01, 0., 4.00000006e-01,
       3.00000012e-01, 0., 4.00000006e-01, 4.00000006e-01, 0.,
       4.00000006e-01, 5.00000000e-01, 0., 4.00000006e-01,
       6.00000024e-01, 0., 4.00000006e-01, 6.99999988e-01, 0.,
       4.00000006e-01, 8.00000012e-01, 0., 5.00000000e-01, 0., 0.,
       5.00000000e-01, 1.00000001e-01, 0., 5.00000000e-01,
       2.00000003e-01, 0., 5.00000000e-01, 3.00000012e-01, 0.,
       5.00000000e-01, 4.00000006e-01, 0., 5.00000000e-01,
       5.00000000e-01, 0., 5.00000000e-01, 6.00000024e-01, 0.,
       5.00000000e-01, 6.99999988e-01, 0., 5.00000000e-01,
       8.00000012e-01, 0., 0., 0., 0., 0., 1.00000001e-01, 0., 0.,
       2.00000003e-01, 0., 0., 3.00000012e-01, 0., 0., 4.00000006e-01,
       0., 0., 5.00000000e-01, 0., 0., 6.00000024e-01, 0., 0.,
       6.99999988e-01, 0., 0., 8.00000012e-01, 0., 1.00000001e-01, 0.,
       0., 1.00000001e-01, 1.00000001e-01, 0., 1.00000001e-01,
       2.00000003e-01, 0., 1.00000001e-01, 3.00000012e-01, 0.,
       1.00000001e-01, 4.00000006e-01, 0., 1.00000001e-01,
       5.00000000e-01, 0., 1.00000001e-01, 6.00000024e-01, 0.,
       1.00000001e-01, 6.99999988e-01, 0., 1.00000001e-01,
       8.00000012e-01, 0., 2.00000003e-01, 0., 0., 2.00000003e-01,
       1.00000001e-01, 0., 2.00000003e-01, 2.00000003e-01, 0.,
       2.00000003e-01, 3.00000012e-01, 0., 2.00000003e-01,
       4.00000006e-01, 0., 2.00000003e-01, 5.00000000e-01, 0.,
       2.00000003e-01, 6.00000024e-01, 0., 2.00000003e-01,
       6.99999988e-01, 0., 2.00000003e-01, 8.00000012e-01, 0.,
       3.00000012e-01, 0., 0., 3.00000012e-01, 1.00000001e-01, 0.,
       3.00000012e-01, 2.00000003e-01, 0., 3.00000012e-01,
       3.00000012e-01, 0., 3.00000012e-01, 4.00000006e-01, 0.,
       3.00000012e-01, 5.00000000e-01, 0., 3.00000012e-01,
       6.00000024e-01, 0., 3.00000012e-01, 6.99999988e-01, 0.,
       3.00000012e-01, 8.00000012e-01, 0., 4.00000006e-01, 0., 0.,
       4.00000006e-01, 1.00000001e-01, 0., 4.00000006e-01,
       2.00000003e-01, 0., 4.00000006e-01, 3.00000012e-01, 0.,
       4.00000006e-01, 4.00000006e-01, 0., 4.00000006e-01,
       5.00000000e-01, 0., 4.00000006e-01, 6.00000024e-01, 0.,
       4.00000006e-01, 6.99999988e-01, 0., 4.00000006e-01,
       8.00000012e-01, 0., 5.00000000e-01, 0., 0., 5.00000000e-01,
       1.00000001e-01, 0., 5.00000000e-01, 2.00000003e-01, 0.,
       5.00000000e-01, 3.00000012e-01, 0., 5.00000000e-01,
       4.00000006e-01, 0., 5.00000000e-01, 5.00000000e-01, 0.,
       5.00000000e-01, 6.00000024e-01, 0., 5.00000000e-01,
